1 2 3
4

5
6
5
35

655
54

5

356
563
5
35
53
65
6
3
63
3
5
65
563
65
65
563
67
657

67




4



6


65
65
67
5
454

5455
555
56
5535
6
5
565
55
55
565
55
55
55
556
535
565
56
55
55
565
55
565
56
56
56
5
56
55
6
56
53
57
576
565
5
57
5465
65
65
63
63563
6
67
636
6
36
563
65663
466
766
7667
6
6
646
6
536
536
56636
65356
66
2526
6
2
6
56
656
6
48776
876
678
656
4546

62256
526
6
6676
676
6
653656
6
566
56566
6
36536
536
6
36
36
6536
7676
676
6
56
3353
653
3653
663
65
636
6
66

6
6
6566536
6536
653
653
653
6536
6
3566
326546

231